*Nodes
0.0,0,0
0.0016129032258064516,0,0
0.0032258064516129032,0,0
0.004838709677419355,0,0
0.0064516129032258064,0,0
0.008064516129032258,0,0
0.00967741935483871,0,0
0.01129032258064516,0,0
0.012903225806451613,0,0
0.014516129032258065,0,0
0.016129032258064516,0,0
0.017741935483870968,0,0
0.01935483870967742,0,0
0.020967741935483872,0,0
0.02258064516129032,0,0
0.024193548387096774,0,0
0.025806451612903226,0,0
0.027419354838709678,0,0
0.02903225806451613,0,0
0.03064516129032258,0,0
0.03225806451612903,0,0
0.03387096774193549,0,0
0.035483870967741936,0,0
0.037096774193548385,0,0
0.03870967741935484,0,0
0.04032258064516129,0,0
0.041935483870967745,0,0
0.043548387096774194,0,0
0.04516129032258064,0,0
0.0467741935483871,0,0
0.04838709677419355,0,0
0.05,0,0
0.05161290322580645,0,0
0.0532258064516129,0,0
0.054838709677419356,0,0
0.056451612903225805,0,0
0.05806451612903226,0,0
0.05967741935483871,0,0
0.06129032258064516,0,0
0.06290322580645161,0,0
0.06451612903225806,0,0
0.06612903225806452,0,0
0.06774193548387097,0,0
0.06935483870967742,0,0
0.07096774193548387,0,0
0.07258064516129033,0,0
0.07419354838709677,0,0
0.07580645161290323,0,0
0.07741935483870968,0,0
0.07903225806451612,0,0
0.08064516129032258,0,0
0.08225806451612903,0,0
0.08387096774193549,0,0
0.08548387096774193,0,0
0.08709677419354839,0,0
0.08870967741935484,0,0
0.09032258064516129,0,0
0.09193548387096774,0,0
0.0935483870967742,0,0
0.09516129032258064,0,0
0.0967741935483871,0,0
0.09838709677419355,0,0
0.1,0,0
*Edges
1,2
2,3
3,4
4,5
5,6
6,7
7,8
8,9
9,10
10,11
11,12
12,13
13,14
14,15
15,16
16,17
17,18
18,19
19,20
20,21
21,22
22,23
23,24
24,25
25,26
26,27
27,28
28,29
29,30
30,31
31,32
32,33
33,34
34,35
35,36
36,37
37,38
38,39
39,40
40,41
41,42
42,43
43,44
44,45
45,46
46,47
47,48
48,49
49,50
50,51
51,52
52,53
53,54
54,55
55,56
56,57
57,58
58,59
59,60
60,61
61,62
62,63
