*Nodes
0.0,0,0
0.0009615384615384616,0,0
0.0019230769230769232,0,0
0.0028846153846153848,0,0
0.0038461538461538464,0,0
0.004807692307692308,0,0
0.0057692307692307696,0,0
0.006730769230769231,0,0
0.007692307692307693,0,0
0.008653846153846154,0,0
0.009615384615384616,0,0
0.010576923076923078,0,0
0.011538461538461539,0,0
0.0125,0,0
0.013461538461538462,0,0
0.014423076923076924,0,0
0.015384615384615385,0,0
0.016346153846153847,0,0
0.01730769230769231,0,0
0.01826923076923077,0,0
0.019230769230769232,0,0
0.020192307692307693,0,0
0.021153846153846155,0,0
0.022115384615384617,0,0
0.023076923076923078,0,0
0.02403846153846154,0,0
0.025,0,0
0.025961538461538463,0,0
0.026923076923076925,0,0
0.027884615384615386,0,0
0.028846153846153848,0,0
0.02980769230769231,0,0
0.03076923076923077,0,0
0.03173076923076923,0,0
0.032692307692307694,0,0
0.03365384615384616,0,0
0.03461538461538462,0,0
0.035576923076923075,0,0
0.03653846153846154,0,0
0.037500000000000006,0,0
0.038461538461538464,0,0
0.03942307692307692,0,0
0.04038461538461539,0,0
0.04134615384615385,0,0
0.04230769230769231,0,0
0.04326923076923077,0,0
0.04423076923076923,0,0
0.0451923076923077,0,0
0.046153846153846156,0,0
0.047115384615384615,0,0
0.04807692307692308,0,0
0.049038461538461545,0,0
0.05,0,0
0.05096153846153846,0,0
0.051923076923076926,0,0
0.05288461538461539,0,0
0.05384615384615385,0,0
0.05480769230769231,0,0
0.05576923076923077,0,0
0.05673076923076924,0,0
0.057692307692307696,0,0
0.058653846153846154,0,0
0.05961538461538462,0,0
0.060576923076923084,0,0
0.06153846153846154,0,0
0.0625,0,0
0.06346153846153846,0,0
0.06442307692307693,0,0
0.06538461538461539,0,0
0.06634615384615385,0,0
0.06730769230769232,0,0
0.06826923076923078,0,0
0.06923076923076923,0,0
0.07019230769230769,0,0
0.07115384615384615,0,0
0.07211538461538462,0,0
0.07307692307692308,0,0
0.07403846153846154,0,0
0.07500000000000001,0,0
0.07596153846153847,0,0
0.07692307692307693,0,0
0.07788461538461539,0,0
0.07884615384615384,0,0
0.07980769230769232,0,0
0.08076923076923077,0,0
0.08173076923076923,0,0
0.0826923076923077,0,0
0.08365384615384616,0,0
0.08461538461538462,0,0
0.08557692307692308,0,0
0.08653846153846154,0,0
0.08750000000000001,0,0
0.08846153846153847,0,0
0.08942307692307692,0,0
0.0903846153846154,0,0
0.09134615384615385,0,0
0.09230769230769231,0,0
0.09326923076923077,0,0
0.09423076923076923,0,0
0.0951923076923077,0,0
0.09615384615384616,0,0
0.09711538461538462,0,0
0.09807692307692309,0,0
0.09903846153846155,0,0
0.1,0,0
*Edges
1,2
2,3
3,4
4,5
5,6
6,7
7,8
8,9
9,10
10,11
11,12
12,13
13,14
14,15
15,16
16,17
17,18
18,19
19,20
20,21
21,22
22,23
23,24
24,25
25,26
26,27
27,28
28,29
29,30
30,31
31,32
32,33
33,34
34,35
35,36
36,37
37,38
38,39
39,40
40,41
41,42
42,43
43,44
44,45
45,46
46,47
47,48
48,49
49,50
50,51
51,52
52,53
53,54
54,55
55,56
56,57
57,58
58,59
59,60
60,61
61,62
62,63
63,64
64,65
65,66
66,67
67,68
68,69
69,70
70,71
71,72
72,73
73,74
74,75
75,76
76,77
77,78
78,79
79,80
80,81
81,82
82,83
83,84
84,85
85,86
86,87
87,88
88,89
89,90
90,91
91,92
92,93
93,94
94,95
95,96
96,97
97,98
98,99
99,100
100,101
101,102
102,103
103,104
104,105
