*Nodes
0.0,0,0
0.0033333333333333335,0,0
0.006666666666666667,0,0
0.01,0,0
0.013333333333333334,0,0
0.016666666666666666,0,0
0.02,0,0
0.023333333333333334,0,0
0.02666666666666667,0,0
0.030000000000000002,0,0
0.03333333333333333,0,0
0.03666666666666667,0,0
0.04,0,0
0.043333333333333335,0,0
0.04666666666666667,0,0
0.05,0,0
0.05333333333333334,0,0
0.05666666666666667,0,0
0.060000000000000005,0,0
0.06333333333333334,0,0
0.06666666666666667,0,0
0.07,0,0
0.07333333333333333,0,0
0.07666666666666667,0,0
0.08,0,0
0.08333333333333334,0,0
0.08666666666666667,0,0
0.09000000000000001,0,0
0.09333333333333334,0,0
0.09666666666666668,0,0
0.1,0,0
*Edges
1,2
2,3
3,4
4,5
5,6
6,7
7,8
8,9
9,10
10,11
11,12
12,13
13,14
14,15
15,16
16,17
17,18
18,19
19,20
20,21
21,22
22,23
23,24
24,25
25,26
26,27
27,28
28,29
29,30
30,31
