*Nodes
0.0,0,0
0.002272727272727273,0,0
0.004545454545454546,0,0
0.006818181818181819,0,0
0.009090909090909092,0,0
0.011363636363636366,0,0
0.013636363636363637,0,0
0.01590909090909091,0,0
0.018181818181818184,0,0
0.020454545454545458,0,0
0.02272727272727273,0,0
0.025000000000000005,0,0
0.027272727272727275,0,0
0.02954545454545455,0,0
0.03181818181818182,0,0
0.034090909090909095,0,0
0.03636363636363637,0,0
0.03863636363636364,0,0
0.040909090909090916,0,0
0.04318181818181819,0,0
0.04545454545454546,0,0
0.047727272727272736,0,0
0.05000000000000001,0,0
0.05227272727272728,0,0
0.05454545454545455,0,0
0.05681818181818182,0,0
0.0590909090909091,0,0
0.06136363636363637,0,0
0.06363636363636364,0,0
0.06590909090909092,0,0
0.06818181818181819,0,0
0.07045454545454546,0,0
0.07272727272727274,0,0
0.07500000000000001,0,0
0.07727272727272728,0,0
0.07954545454545456,0,0
0.08181818181818183,0,0
0.0840909090909091,0,0
0.08636363636363638,0,0
0.08863636363636365,0,0
0.09090909090909093,0,0
0.0931818181818182,0,0
0.09545454545454547,0,0
0.09772727272727275,0,0
0.10000000000000002,0,0
*Edges
1,2
2,3
3,4
4,5
5,6
6,7
7,8
8,9
9,10
10,11
11,12
12,13
13,14
14,15
15,16
16,17
17,18
18,19
19,20
20,21
21,22
22,23
23,24
24,25
25,26
26,27
27,28
28,29
29,30
30,31
31,32
32,33
33,34
34,35
35,36
36,37
37,38
38,39
39,40
40,41
41,42
42,43
43,44
44,45
