*Nodes
0.0,0,0
0.0011904761904761906,0,0
0.002380952380952381,0,0
0.0035714285714285718,0,0
0.004761904761904762,0,0
0.005952380952380953,0,0
0.0071428571428571435,0,0
0.008333333333333335,0,0
0.009523809523809525,0,0
0.010714285714285714,0,0
0.011904761904761906,0,0
0.013095238095238097,0,0
0.014285714285714287,0,0
0.015476190476190477,0,0
0.01666666666666667,0,0
0.01785714285714286,0,0
0.01904761904761905,0,0
0.02023809523809524,0,0
0.02142857142857143,0,0
0.022619047619047622,0,0
0.02380952380952381,0,0
0.025,0,0
0.026190476190476195,0,0
0.027380952380952384,0,0
0.028571428571428574,0,0
0.029761904761904764,0,0
0.030952380952380953,0,0
0.03214285714285715,0,0
0.03333333333333334,0,0
0.034523809523809526,0,0
0.03571428571428572,0,0
0.036904761904761905,0,0
0.0380952380952381,0,0
0.03928571428571429,0,0
0.04047619047619048,0,0
0.04166666666666667,0,0
0.04285714285714286,0,0
0.04404761904761905,0,0
0.045238095238095244,0,0
0.04642857142857143,0,0
0.04761904761904762,0,0
0.048809523809523817,0,0
0.05,0,0
0.051190476190476196,0,0
0.05238095238095239,0,0
0.053571428571428575,0,0
0.05476190476190477,0,0
0.055952380952380955,0,0
0.05714285714285715,0,0
0.05833333333333334,0,0
0.05952380952380953,0,0
0.06071428571428572,0,0
0.06190476190476191,0,0
0.06309523809523811,0,0
0.0642857142857143,0,0
0.06547619047619048,0,0
0.06666666666666668,0,0
0.06785714285714287,0,0
0.06904761904761905,0,0
0.07023809523809524,0,0
0.07142857142857144,0,0
0.07261904761904762,0,0
0.07380952380952381,0,0
0.07500000000000001,0,0
0.0761904761904762,0,0
0.07738095238095238,0,0
0.07857142857142858,0,0
0.07976190476190477,0,0
0.08095238095238096,0,0
0.08214285714285716,0,0
0.08333333333333334,0,0
0.08452380952380953,0,0
0.08571428571428572,0,0
0.08690476190476192,0,0
0.0880952380952381,0,0
0.08928571428571429,0,0
0.09047619047619049,0,0
0.09166666666666667,0,0
0.09285714285714286,0,0
0.09404761904761906,0,0
0.09523809523809525,0,0
0.09642857142857143,0,0
0.09761904761904763,0,0
0.09880952380952382,0,0
0.1,0,0
*Edges
1,2
2,3
3,4
4,5
5,6
6,7
7,8
8,9
9,10
10,11
11,12
12,13
13,14
14,15
15,16
16,17
17,18
18,19
19,20
20,21
21,22
22,23
23,24
24,25
25,26
26,27
27,28
28,29
29,30
30,31
31,32
32,33
33,34
34,35
35,36
36,37
37,38
38,39
39,40
40,41
41,42
42,43
43,44
44,45
45,46
46,47
47,48
48,49
49,50
50,51
51,52
52,53
53,54
54,55
55,56
56,57
57,58
58,59
59,60
60,61
61,62
62,63
63,64
64,65
65,66
66,67
67,68
68,69
69,70
70,71
71,72
72,73
73,74
74,75
75,76
76,77
77,78
78,79
79,80
80,81
81,82
82,83
83,84
84,85
